,Clube,marcou_como_mandante,marcou_como_visitante,GP,levou_como_visitante,levou_como_mandante,GC,VIT,DER,E,pontos_mandante,pontos_visitante,pontos,PJ,SG
0,são paulo,577.0,401.0,978.0,432.0,287.0,719.0,309,181,176,674,429,1103,666,259.0
1,santos,618.0,390.0,1008.0,481.0,305.0,786.0,291,205,170,675,368,1043,666,222.0
2,cruzeiro,590.0,388.0,978.0,462.0,356.0,818.0,293,222,151,631,399,1030,666,160.0
3,flamengo,549.0,367.0,916.0,485.0,312.0,797.0,275,203,188,628,385,1013,666,119.0
4,corinthians,481.0,342.0,823.0,387.0,280.0,667.0,268,180,180,608,376,984,628,156.0
5,internacional,502.0,330.0,832.0,438.0,261.0,699.0,272,199,157,633,340,973,628,133.0
6,grêmio,543.0,316.0,859.0,417.0,270.0,687.0,269,199,156,629,334,963,624,172.0
7,fluminense,500.0,391.0,891.0,512.0,352.0,864.0,252,235,179,568,367,935,666,27.0
8,atlético-mg,541.0,362.0,903.0,482.0,348.0,830.0,247,217,164,574,331,905,628,73.0
9,athlético-pr,537.0,317.0,854.0,506.0,287.0,793.0,251,228,149,627,275,902,628,61.0
10,palmeiras,501.0,337.0,838.0,398.0,302.0,700.0,251,182,149,557,345,902,582,138.0
11,botafogo-rj,464.0,280.0,744.0,424.0,315.0,739.0,208,213,161,506,279,785,582,5.0
12,vasco,416.0,294.0,710.0,453.0,323.0,776.0,186,200,166,453,271,724,552,-66.0
13,goiás,420.0,252.0,672.0,405.0,265.0,670.0,180,188,108,427,221,648,476,2.0
14,coritiba,349.0,233.0,582.0,384.0,215.0,599.0,162,184,130,423,193,616,476,-17.0
15,figueirense,311.0,219.0,530.0,386.0,236.0,622.0,142,172,124,354,196,550,438,-92.0
16,vitória,312.0,180.0,492.0,336.0,245.0,581.0,123,174,99,314,154,468,396,-89.0
17,ponte preta,256.0,158.0,414.0,313.0,221.0,534.0,114,157,91,289,144,433,362,-120.0
18,sport,259.0,149.0,408.0,303.0,178.0,481.0,110,142,90,301,119,420,342,-73.0
19,bahia,201.0,139.0,340.0,239.0,163.0,402.0,92,125,95,241,130,371,312,-62.0
20,paraná,186.0,126.0,312.0,233.0,136.0,369.0,83,110,55,207,97,304,248,-57.0
21,chapecoense,136.0,98.0,234.0,182.0,110.0,292.0,69,93,66,176,97,273,228,-58.0
22,juventude,157.0,111.0,268.0,224.0,103.0,327.0,71,89,50,183,80,263,210,-59.0
23,avaí,147.0,93.0,240.0,212.0,143.0,355.0,57,106,65,152,84,236,228,-115.0
24,são caetano,120.0,89.0,209.0,123.0,76.0,199.0,65,66,41,149,87,236,172,10.0
25,náutico,131.0,93.0,224.0,206.0,112.0,318.0,54,98,38,145,55,200,190,-94.0
26,fortaleza,134.0,71.0,205.0,138.0,111.0,249.0,51,71,42,131,64,195,164,-44.0
27,criciúma,121.0,73.0,194.0,166.0,98.0,264.0,50,80,38,138,50,188,168,-70.0
28,ceará,94.0,56.0,150.0,120.0,67.0,187.0,40,63,49,121,48,169,152,-37.0
29,atlético-go,95.0,81.0,176.0,134.0,91.0,225.0,39,74,39,92,64,156,152,-49.0
30,paysandu,132.0,61.0,193.0,155.0,90.0,245.0,41,62,31,121,33,154,134,-52.0
31,guarani,83.0,57.0,140.0,123.0,57.0,180.0,36,55,39,112,35,147,130,-40.0
32,portuguesa,90.0,47.0,137.0,103.0,54.0,157.0,31,45,38,95,36,131,114,-20.0
33,américa-mg,68.0,36.0,104.0,110.0,64.0,174.0,25,59,30,83,22,105,114,-70.0
34,santa cruz,50.0,36.0,86.0,87.0,58.0,145.0,15,47,14,45,14,59,76,-59.0
35,barueri,35.0,24.0,59.0,38.0,14.0,52.0,12,13,13,37,12,49,38,7.0
36,brasiliense,26.0,23.0,49.0,38.0,30.0,68.0,10,20,12,25,17,42,42,-19.0
37,santo andré,29.0,17.0,46.0,36.0,25.0,61.0,11,19,8,29,12,41,38,-15.0
38,ipatinga,28.0,9.0,37.0,42.0,25.0,67.0,9,21,8,30,5,35,38,-30.0
39,csa,17.0,7.0,24.0,34.0,24.0,58.0,8,22,8,23,9,32,38,-34.0
40,joinville,19.0,7.0,26.0,31.0,17.0,48.0,7,21,10,25,6,31,38,-22.0
41,grêmio prudente,25.0,14.0,39.0,39.0,25.0,64.0,7,21,10,20,11,31,38,-25.0
42,américa-rn,12.0,12.0,24.0,45.0,35.0,80.0,4,29,5,9,8,17,38,-56.0
